1 0 153 1
1 0 154 1
1 0 161 1
1 0 162 1
1 0 186 1
1 0 224 1
1 0 375 1
1 0 378 1
1 0 379 1
1 0 380 1
1 0 401 1
1 0 404 1
1 0 408 1
1 0 409 1
1 0 410 1
1 0 518 1
2 0 188 1
3 0 192 1
3 0 202 1
3 0 212 1
3 0 242 1
3 0 320 1
3 0 323 1
3 0 334 1
3 0 345 1
3 0 375 1
3 0 378 1
3 0 379 1
3 0 428 1
3 0 531 1
3 0 534 1
3 0 537 1
3 0 560 1
3 0 575 1
4 0 323 1
4 0 344 1
4 0 345 1
4 0 375 1
4 0 378 1
5 0 82 1
5 0 148 1
5 0 149 1
5 0 150 1
5 0 189 1
5 0 222 1
5 0 233 1
5 0 315 1
5 0 331 1
5 0 332 1
5 0 376 1
5 0 384 1
5 0 532 1
5 0 539 1
5 0 540 1
5 0 541 1
5 0 542 1
5 0 561 1
5 0 585 1
5 0 586 1
6 0 82 1
6 0 148 1
6 0 149 1
6 0 150 1
6 0 158 1
6 0 189 1
6 0 190 1
6 0 206 1
6 0 208 1
6 0 209 1
6 0 233 1
6 0 315 1
6 0 331 1
6 0 332 1
6 0 348 1
6 0 349 1
6 0 539 1
6 0 540 1
6 0 541 1
6 0 542 1
6 0 561 1
7 0 184 1
7 0 185 1
7 0 186 1
7 0 272 1
7 0 289 1
7 0 290 1
7 0 292 1
7 0 318 1
7 0 330 1
7 0 339 1
7 0 340 1
7 0 341 1
7 0 342 1
7 0 354 1
7 0 363 1
7 0 364 1
7 0 397 1
7 0 422 1
7 0 423 1
7 0 432 1
7 0 437 1
7 0 457 1
7 0 479 1
7 0 486 1
7 0 487 1
7 0 488 1
7 0 497 1
7 0 498 1
7 0 502 1
7 0 502 1
7 0 503 1
7 0 504 1
7 0 556 1
7 0 558 1
7 0 564 1
7 0 565 1
7 0 566 1
7 0 567 1
7 0 569 1
7 0 587 1
7 0 587 1
7 0 587 1
7 0 587 1
7 0 587 1
7 0 588 1
8 0 82 1
8 0 150 1
8 0 331 1
8 0 332 1
8 0 539 1
8 0 540 1
9 0 135 1
9 0 136 1
9 0 142 1
9 0 143 1
9 0 145 1
9 0 162 1
9 0 163 1
9 0 225 1
9 0 334 1
9 0 335 1
9 0 350 1
9 0 351 1
9 0 352 1
9 0 353 1
9 0 371 1
9 0 372 1
9 0 373 1
9 0 380 1
9 0 385 1
9 0 395 1
9 0 398 1
9 0 400 1
9 0 401 1
9 0 402 1
9 0 403 1
9 0 404 1
9 0 407 1
9 0 408 1
9 0 409 1
9 0 410 1
9 0 429 1
9 0 433 1
9 0 436 1
9 0 473 1
9 0 474 1
9 0 517 1
9 0 518 1
9 0 526 1
9 0 527 1
9 0 577 1
10 0 82 1
10 0 150 1
10 0 331 1
10 0 332 1
10 0 539 1
10 0 540 1
11 0 164 1
11 0 376 1
11 0 378 1
11 0 458 1
11 0 519 1
11 0 577 1
11 0 578 1
11 0 579 1
12 0 135 1
12 0 136 1
12 0 162 1
12 0 163 1
12 0 297 1
12 0 350 1
12 0 351 1
12 0 352 1
12 0 353 1
12 0 360 1
12 0 373 1
12 0 398 1
12 0 400 1
12 0 402 1
12 0 403 1
12 0 404 1
12 0 408 1
12 0 409 1
12 0 410 1
12 0 412 1
12 0 474 1
12 0 517 1
12 0 518 1
12 0 526 1
13 0 82 1
13 0 150 1
13 0 190 1
13 0 191 1
13 0 233 1
13 0 331 1
13 0 332 1
13 0 345 1
13 0 443 1
13 0 444 1
13 0 529 1
13 0 530 1
13 0 531 1
13 0 532 1
13 0 539 1
13 0 540 1
13 0 575 1
13 0 585 1
13 0 586 1
14 0 58 1
14 0 170 1
14 0 171 1
14 0 458 1